INFO  20:26:36:969.894: Connecting to tcp://127.0.0.1:60000
INFO  20:26:36:974.949: Successfully connected to tcp://127.0.0.1:60000
INFO  20:26:36:974.956: Sending parameter request
INFO  20:26:36:974.964: Created parameter request
INFO  20:26:37:044.944: Received valid parameters
INFO  20:26:37:044.968: Setting thread count to 12
INFO  20:26:37:111.558: Sending OPRF request for 16 items
INFO  20:26:37:112.341: Created OPRFReceiver for 16 items
INFO  20:26:37:112.347: Created OPRF request for 16 items
INFO  20:26:37:128.591: Extracted OPRF hashes for 16 items
INFO  20:26:37:128.611: Received OPRF request for 16 items
INFO  20:26:37:128.616: Sending APSI query
INFO  20:26:37:128.966: Creating encrypted query for 16 items
INFO  20:26:37:214.111: Finished creating encrypted query
INFO  20:26:37:353.531: Launching 1 result worker tasks to handle 1 result parts
184766
117272
184289
71437
94476
162343
71273
129301
166176
17698
135771
96687
176876
155890
65314
168298
173165
148680
101311
41387
96094
152878
29903
55637
188334
80673
87274
145647
158473
66213
187261
182519
170600
8947
69204
57230
158787
12544
128888
92050
79600
70276
77441
117626
27660
181011
79194
157982
3985
136094
120128
102314
44620
173858
49555
103313
157745
180681
27237
4308
27253
51065
96918
102624
52716
143681
186259
181751
6288
89596
157304
55020
162553
159082
160413
164570
170554
100796
178239
164584
51571
77403
7637
139000
164896
24108
184741
44543
78491
114047
159918
29305
551
6038
10038
118773
25283
29117
57065
142144
34341
162852
184673
21998
151878
111474
49462
121059
101554
86989
23953
133439
53865
145653
167617
113939
101987
35449
19581
180238
158478
25344
170794
48908
124333
85975
46441
158773
18644
116131
26479
55372
55243
182089
131057
143752
71534
184099
1
1
1
1
1
1
1
1
1
1
1
1
85332
103263
77030
134274
126293
62817
121025
129410
118662
90476
5277
157259
23397
151983
23032
158125
63735
19877
181532
114782
113832
80548
186681
163993
20922
169312
150401
21786
39259
74265
73608
83648
10766
136134
123226
114115
115638
102474
1952
136232
64667
186792
29793
166326
124312
18005
74387
51301
137175
23946
45744
25114
92864
84632
90261
141730
131721
125744
81281
148294
146374
8327
168544
86711
44867
61659
160605
13554
87177
155401
156653
75939
123133
66074
33898
30739
90310
16690
143876
88610
154001
72531
79378
125056
113643
152290
21400
32508
35985
157113
134846
77460
184828
112191
85698
63589
13024
101502
59732
10827
154246
30792
159145
62593
8333
181683
117391
182083
4158
26220
156705
4594
91050
182941
178226
38667
60902
139974
86960
151421
157589
91500
33134
13012
142596
182626
38796
131475
10470
169309
113346
117891
94759
183267
180428
180366
180790
65401
143451
68761
25035
183633
110700
27405
87829
75941
144086
73793
38339
155697
113262
187799
86660
1665
132418
27611
115670
116360
175073
135239
135586
129543
130487
138561
178161
69426
88475
161628
132221
88002
120614
178589
138214
82962
3531
174375
139268
134773
52775
108410
128180
31852
38745
41097
55982
68688
175563
3795
56518
183959
156202
120814
26073
112422
165592
36138
34659
39635
33497
42957
171471
123941
14553
70333
75931
82044
74491
56168
111927
125135
137545
183948
62474
938
143313
30568
53425
137465
49045
101390
54675
14915
25446
128519
175741
139344
172407
184610
153247
91346
62228
71970
23580
104942
1703
33995
66576
5922
109519
52731
116000
56184
25605
132222
114655
49807
137439
38917
30162
55012
32818
98878
73979
127162
83744
77843
138314
154715
146263
7206
101387
183030
13334
27751
39208
168113
139430
162946
38057
84688
20912
23382
120693
12455
140938
154131
38013
30789
95973
5687
120587
113969
4639
126283
169634
144047
49191
9707
106828
14097
104597
16916
38253
99762
155397
162160
158982
89291
53167
124143
63055
60047
65439
49285
5874
125245
103431
174966
174227
180769
60754
62489
142486
139026
149255
97123
44270
144389
118605
136563
58552
155942
153942
23887
96938
82765
104134
70452
8081
21410
170016
61640
4216
122830
137778
130030
80068
151517
88031
142372
67793
65839
97902
7687
147479
139219
81501
128411
3723
14526
130553
48364
157585
34213
180720
21661
148213
46053
66797
9906
11000
185122
170281
82462
38138
103497
40086
73924
179687
91038
55546
131245
89452
30673
151083
154356
180953
134592
134554
996
138860
158016
139620
78208
117748
126369
180771
112299
172391
18195
22057
10902
128988
164547
95316
107517
90629
171274
39381
123749
97608
50556
115522
136025
151581
110659
126082
43440
6199
5936
15832
117145
158977
38598
25075
133199
29180
107993
67703
22855
28306
23492
157425
175368
112465
63982
98501
160971
115406
163914
122845
154662
1
1
1
1
1
1
2
2
2
2
2
2
177253
23739
131210
68824
603
176002
12181
107010
178983
9854
2626
161612
84659
119582
173513
109497
101230
109919
79940
152265
35856
104997
14300
154968
93327
39165
13550
28529
9397
175819
187903
99164
20771
84335
60379
73952
18688
171132
106733
147363
131925
165152
172351
88846
159979
114030
125203
62064
8968
45391
158525
137097
132927
93412
144990
108231
63088
56469
84071
142167
172995
32410
85397
62307
138456
13624
48603
80547
4815
145758
159036
95512
104990
23294
136053
183546
101878
106369
55766
42575
149804
80827
153849
5996
136976
49850
41928
90280
159525
33724
21932
133479
75087
159104
53488
142420
2
2
2
2
2
2
162577
33188
25893
34347
37587
111529
72073
130379
70330
94538
79271
64112
146837
55530
26402
8074
92786
103416
122245
159038
108724
9212
72414
47706
8685
16138
148331
160045
161567
89026
124716
188238
154980
37873
154882
108778
6179
27201
18495
35462
105643
23479
22320
158338
71198
49102
173592
20105
85047
126652
95888
65566
173871
73764
60532
44335
64842
79499
137422
131442
147973
144835
92548
101457
168559
34014
153906
149288
35831
118753
35648
46261
131586
132392
22822
84369
99414
91735
45920
107519
60214
49169
154135
127505
21586
123147
104541
87875
130938
20721
12614
164906
121248
39977
73103
6667
37714
21385
134895
167926
38656
90483
187069
68992
141140
104674
56875
129215
185374
28578
86206
154230
184670
123309
181373
53219
183267
115689
158517
170316
68539
180630
16484
162791
183099
130407
86392
111953
9950
47604
50407
153154
103885
84990
106142
33274
159963
109866
62409
143479
183606
137142
174583
42988
77011
166640
126342
164365
60348
55971
12895
158576
26884
40828
126108
54810
75360
73889
27200
10495
15575
31391
165237
65247
169538
23278
64830
54392
125476
127332
12505
56858
107025
59572
76692
21677
25659
116834
57791
134410
34637
170780
73053
83230
91948
164472
113136
145002
100230
166175
162132
8402
142120
73594
26572
147739
91687
11588
163627
105547
99662
169872
138000
168404
140088
26292
67607
91864
133618
180854
55847
122035
34951
133950
151955
80454
87826
38139
116554
74811
86957
5838
157762
177049
114108
111146
70412
140048
142631
86511
10098
3300
4300
143644
97458
114997
52424
183216
145046
139190
48251
78280
166412
2180
26968
36743
118506
26918
48991
36555
153078
103253
186386
100904
136564
112014
57543
150057
152608
100271
137934
102511
34919
21646
133711
165404
105322
173066
156114
144950
167105
61711
12743
89050
186355
46960
96267
163498
122898
52961
79237
109486
142193
173994
164842
59713
154782
43869
79856
126931
183573
35081
164790
30865
54707
164758
42958
184827
75883
148500
5858
79155
46012
16577
98488
10077
90916
162683
111274
55655
137636
157190
119925
174994
55627
74661
128561
176395
66096
35358
17852
33640
84129
161133
149350
57099
33371
170067
37225
162394
81701
183345
59894
92852
88227
154483
138125
159314
105534
174554
76700
148566
3302
55507
146039
43940
31981
75305
56548
65769
158006
167410
66734
5481
83283
151369
82122
59081
49051
139885
115904
100656
177726
168346
11459
1713
125353
92219
122003
157716
181358
91192
61517
131619
52737
74853
77473
118345
48103
167912
5389
126230
3792
14958
162017
37772
40070
112091
110046
103150
187338
23390
26539
15254
131464
112898
178406
176645
154937
83216
53085
168059
139371
130804
30349
54626
20766
83115
86829
131714
181475
121810
76094
177229
50649
27126
168259
58677
52090
171169
131759
103908
22678
107906
25326
107729
18713
167899
155904
117855
103276
82027
48274
84762
69438
80684
85533
58026
146540
104578
7328
45196
182427
84770
39098
39238
153696
9029
82498
124150
81091
128551
143545
143570
101640
101603
152494
173307
178405
147692
120001
8170
8234
77740
37305
125360
35975
37558
98097
104542
98684
15181
82993
175406
146843
185812
60112
80466
42561
83007
967
36566
19124
177610
82819
162093
81223
27084
152401
153605
174765
48244
43402
140443
33891
7315
88268
77891
93748
70326
171048
106333
104315
39358
82490
79290
99142
2590
74514
23344
156987
126009
181455
123570
39837
127227
76477
138952
116498
182025
92020
172143
27349
11157
83875
132402
9438
161586
106126
100899
116462
179417
10201
38813
159720
35788
89074
93180
46280
120111
164033
58048
125519
185454
105654
35364
171405
116731
135435
169111
163129
16339
158041
125212
53390
45813
185248
148283
95235
70817
142094
95465
71433
148206
44176
141042
104271
50020
160424
142988
64715
78090
18214
76489
21048
5354
18283
122258
122442
79437
75826
93860
89445
137867
143646
50505
123058
109239
163231
38793
147927
70019
58669
176745
16088
154632
45791
29166
81963
21169
114460
64832
98273
139266
167050
101935
14869
54424
140003
157683
66117
59490
63658
98792
42248
170166
22121
177153
139541
27672
161971
105724
31750
11838
58739
155086
47644
179581
144518
119019
142157
123643
85908
143667
131056
8279
68893
6807
4977
161684
23585
74098
112408
91085
114473
162554
117898
148281
110135
65286
10198
69650
72774
48315
133827
164008
181706
134222
90808
104273
152563
30905
157390
84220
172795
47839
150453
9441
1699
87537
132292
82750
62571
28578
104947
24551
7856
184564
147923
156608
184936
89521
23783
8897
146020
68752
108238
88123
118340
26632
12368
96949
174664
126696
68959
183871
156520
131226
154275
9715
46239
3330
131271
114241
121457
33622
187416
129144
148053
183976
77347
174131
40526
84145
93766
180202
148498
137018
86614
154650
96926
114389
9632
90760
48259
183569
71933
15207
13591
59274
4678
4195
60468
28395
128223
5552
81338
44150
45026
76581
47732
19544
96543
59895
89944
146003
126987
30126
32082
92984
128716
126079
122827
138192
23517
126769
15486
36763
21399
184170
13493
155021
127977
116632
60148
135817
63249
112660
40312
73797
127402
180880
77328
84808
169162
165806
66718
107927
103387
21449
64249
149134
6537
159741
75997
8555
163909
184679
41562
69278
147437
162304
42031
126964
66693
87977
97688
52492
30089
127393
6614
94629
176253
80339
37244
151374
106402
116759
84005
145323
136814
95237
2563
117198
105711
174701
122954
66235
160165
83818
88163
18653
1
1
1
1
1
1
84969
120770
29503
66326
158638
61648
21053
19298
65130
16281
50075
74570
84128
79168
169000
44411
176400
117742
1
1
1
1
1
1
108864
27729
151834
68288
117858
30933
18962
123356
18033
26326
185655
53557
148211
125741
143165
165681
69255
97400
177962
104242
63389
60627
59356
8494
155275
71920
174460
92497
135861
41909
756
130496
107694
128309
12247
104094
46198
169326
64392
142593
48481
55383
92334
42664
30313
92044
85306
27416
28743
133452
85800
93681
44811
66386
5301
87086
32722
22405
135402
131530
27627
121435
50636
88391
9984
175943
183092
20603
121635
2710
18456
187324
82475
43488
122867
175692
76630
74646
41486
120724
168859
187523
163137
91298
90898
99547
177805
98649
170740
137194
56791
35395
76064
28001
8921
111702
93787
39249
55712
28151
187894
90086
10684
157987
34975
170548
64002
91894
183579
40737
78830
151820
88452
177210
106514
19870
64149
183231
57256
150080
81516
55969
46587
26631
182033
61174
129900
169746
147904
171332
71055
97535
151130
52088
159895
174786
176132
141536
39665
139502
40089
94012
65258
184726
80308
80186
187729
82858
124348
184082
2
2
2
2
2
2
41065
73049
8892
131611
53567
97443
129496
183014
82987
29226
184761
17048
68675
150926
109263
12282
45311
127599
81547
117791
112986
24329
34303
82868
19822
78358
145923
115112
117660
46964
142324
66114
107137
34518
61056
8202
102791
25789
99810
184531
93447
122067
124095
151113
37755
118823
135955
154667
79772
109797
91572
102163
68293
119286
169823
138116
71288
163544
175705
63595
118550
21148
144616
152816
171751
61366
110310
150724
9018
46460
142356
39134
33299
20896
123924
157729
114851
80654
144088
117713
125776
113792
38272
136348
142420
61906
119068
161614
23288
135275
4180
21721
172735
7321
147216
171827
160958
61789
89143
66819
116688
10228
9363
143591
78582
8738
24326
63758
38976
182988
26877
164790
102498
113703
31976
174070
132409
40882
14166
136002
118302
144213
121211
91547
146463
111784
83884
84949
175937
37115
54283
180461
97337
143187
58383
146991
82114
131780
131713
70900
141732
115167
183582
76889
154737
93210
31778
146541
57154
18649
157666
101508
51870
50871
51899
67175
119810
5773
72829
136103
58801
68017
31234
102747
163846
180139
148894
45328
158305
147910
175883
161271
163955
98001
148446
91325
158500
178809
174650
108835
162141
88294
82671
76565
182507
96465
83101
149136
62232
64977
60139
164691
40774
140728
110492
66048
128217
151163
6152
180443
184488
144435
139985
38831
178225
94223
157653
138523
104285
19188
101787
37201
75758
170284
53122
138279
35945
63448
17769
142662
165810
3563
110184
34923
150457
70304
67937
73572
133555
28688
123987
119095
106248
165803
11725
184386
57707
118458
24604
124557
70618
30843
118562
148990
162320
102221
144749
131754
100587
105310
95916
19154
39494
181769
37397
48145
18106
66159
88803
25999
48704
134012
111611
144589
130974
68022
63318
82013
177956
45864
140966
139231
123021
162223
71638
42513
155306
4386
99117
77092
21332
157774
20822
121185
85969
23710
67998
105092
88492
75368
137904
134106
4272
64798
48467
58388
71997
146694
86939
142389
124908
41833
130819
39530
19201
162899
158789
4070
34636
86023
105610
156173
67241
58876
61858
67780
92670
3655
28593
58063
81970
46970
7738
182658
97872
186530
16259
165519
163809
75518
186427
2870
148277
61420
51467
60775
89626
79889
172424
172548
81091
122202
89574
22414
124601
71341
121415
143850
174228
112566
85830
56975
89255
177420
57675
36700
25124
157927
33796
95218
146810
120890
183691
99459
102747
120147
1
1
1
1
1
1
62270
42685
10082
123775
154756
172093
8678
186656
141717
121508
9044
14495
76449
68795
41447
156658
71319
60733
15302
122860
150615
76853
105638
186036
88513
183966
73799
14357
123556
56553
161577
98148
75848
20014
155186
155412
166130
76631
130732
33959
154770
11530
127895
13596
70506
22414
31783
17176
132734
140689
122271
79309
81266
59010
119364
61675
21278
139680
106279
133111
182043
131100
21290
98244
53319
104533
180069
117465
97571
69318
148896
156930
25494
152152
167475
112671
83641
13850
122170
127919
2322
138615
56451
113375
144402
81673
179406
163150
12984
24855
123517
28202
37086
173201
53439
95671
31723
188207
62212
146165
139118
89007
71368
65313
57570
106632
80448
182697
39821
13474
118878
101839
3513
115896
71794
140168
66508
112799
172605
50036
72059
65787
58764
126341
9580
95052
114338
174709
102997
69679
84014
1153
88647
41820
76665
83002
46461
9211
113961
109542
47261
76642
81608
92562
177735
109712
174627
31341
28734
152333
140821
155430
112879
180328
37555
76739
85557
81381
98035
130705
56987
102068
2832
125558
178409
155403
58620
89754
116964
32199
16503
176171
9476
86637
83201
152875
157527
180534
106544
140517
120818
25280
2146
92390
98912
61979
58660
66846
148047
135957
82247
126641
87413
9618
57497
99774
86480
52261
60246
115034
73554
69667
77944
121792
173951
827
126664
13250
126970
21338
140014
155060
158240
16419
141302
149192
24538
989
47159
167272
118692
117356
168290
73133
76646
100986
35726
47348
110078
49144
72235
39061
65356
102983
96324
183663
173506
35558
151740
152052
146705
93219
78399
21342
15297
187636
107477
68748
178332
78263
3470
55588
71037
48936
90409
28383
111739
113362
69792
114240
181998
70406
25113
153030
146073
106961
161354
100261
49139
119040
171170
46749
87818
7205
185905
133881
9303
168131
65713
53181
70417
111338
21880
25389
173826
3050
128786
162454
93514
60727
177866
117141
159755
141295
173022
102989
119004
112525
186702
36572
124452
34777
34519
162801
161352
121596
153712
64302
134822
137330
160011
54176
32700
42598
59014
67149
176137
86493
184890
54207
155724
173088
99908
186349
71739
97879
163708
60803
51939
13
86874
62621
170502
86887
66375
26982
107596
182178
157155
93859
79714
148510
123670
26663
94351
48092
54000
74737
128559
155260
114818
80295
131802
88595
156959
187618
80264
161403
185909
99251
113714
16538
183818
135370
89905
179415
173922
148004
49820
139780
100339
165902
88073
23440
18773
91546
30028
180054
164921
96159
159894
81570
48649
22285
107974
169073
48294
99971
53196
130724
71017
121225
33327
97712
48964
181096
35068
113317
107776
129524
127823
109720
186237
160790
64030
82546
7532
45348
70257
102705
31599
127116
68054
113558
117204
50658
71326
87430
170317
159541
162877
146943
179112
5798
63827
114360
42006
50497
5173
139381
93154
103126
46270
30537
83049
68896
62138
126873
43094
30902
60046
172010
77683
41336
80254
30413
99961
140311
80126
164844
180842
62020
31833
58242
159498
121708
75760
118622
109264
132220
148699
149180
125137
61880
99657
118481
152101
162883
58482
34897
85879
127417
146597
26425
143982
109773
158421
181052
124349
182822
47500
172528
51685
36041
5387
50655
88945
113172
183834
8344
181968
12966
88108
96100
126103
85320
160467
108656
2
2
2
2
2
2
30236
10560
48590
61969
106184
132781
67065
121225
103638
144279
127775
117893
91400
50075
95166
24559
88870
16736
47967
148376
80917
121841
103152
125240
40560
104512
89906
113353
79128
116403
69673
57499
145045
149280
92013
85010
168920
171009
140181
92890
35908
21712
110063
88957
11674
13453
10095
143971
176768
183133
54944
163862
87454
68408
166251
45987
153635
180724
25515
120145
24881
103905
87695
183351
132113
101873
144734
163288
27774
125433
11856
72045
44776
81046
151061
8817
163821
171842
34086
140342
173784
168241
1608
184269
98635
41560
156233
31203
21791
50377
16580
22363
57260
158895
55720
67476
11287
124593
77997
41216
136518
124494
83455
183890
142626
15787
10257
97819
180810
117183
67141
105490
86805
132088
2
2
2
2
2
2
13205
169436
30485
117083
94296
146819
25868
48879
109721
97088
102101
165609
31848
175324
65263
186717
17901
4508
178710
23346
91695
14510
108242
110651
170741
103442
114996
69131
61773
59603
30398
36367
31155
94359
128692
50881
171698
103032
89960
15262
185618
90654
1
1
1
1
1
1
146947
186012
172280
121106
10663
160283
98975
137247
113710
18075
128570
30015
93150
16912
67372
32912
15445
119550
110177
159373
97874
59613
111504
16403
132939
159211
93097
7716
151112
7116
59443
52684
64013
136597
139688
19473
111075
40890
116927
7971
171119
169824
31574
6217
49443
104835
29901
116008
62136
108947
32961
63425
111947
12158
19229
168550
101610
56809
51272
161005
127784
88210
68342
81300
105959
31013
169883
60140
52169
175184
82894
89299
180232
48533
6997
66164
62272
156905
46833
73211
175718
31178
177717
149924
154648
823
185438
72680
6462
83861
24871
187021
119704
103766
107996
18446
83986
78434
137461
19451
73081
49258
102559
184256
105072
118270
92113
50653
143946
21361
158699
95047
29936
135185
12570
61628
90815
27036
181400
22549
21183
79908
82713
44898
60730
122734
16453
37752
94259
79482
70094
185490
9919
12687
91894
89954
93249
40319
80754
106427
75011
55756
136682
60924
30605
11841
76403
138813
114958
165903
38342
96997
89472
48185
139206
98215
32571
109901
17746
168963
84208
97266
69507
48833
132546
109487
57076
38613
91120
41586
125902
126380
86740
65146
167356
172459
53074
123461
30755
26907
100912
72417
45915
155767
37083
98026
74620
52843
170040
72192
75007
104473
133836
33035
79372
180035
10187
176478
185123
118407
68653
139194
179706
58340
73431
155937
185374
30026
183098
71625
155633
88691
183315
17004
56669
52879
48503
34177
123568
44404
162045
12114
64364
148497
131856
87807
66273
80755
38660
34585
143184
6234
121543
34505
76158
135727
62996
54998
25387
80070
62488
92186
15336
182818
133767
41964
36591
93350
15111
125636
120774
80431
43163
9135
6914
37286
88970
181349
104692
128923
104032
140034
72970
47404
73188
6052
182448
58996
147697
159287
131426
146437
141736
48810
140640
53416
116211
97434
112499
126036
46624
187745
106290
91131
64172
139175
72165
51884
145229
143416
139955
63824
50295
154695
2
2
2
2
2
2
174818
141315
181272
119176
55463
76024
40400
38753
130579
95546
105206
153106
184083
187457
181941
7303
79523
68384
118445
28008
57167
42482
2022
109430
179589
79360
41707
116330
163654
55319
102253
73374
185094
140551
169607
130164
134072
115754
80757
104708
41099
64914
88733
2151
136323
147041
4967
14459
16888
56966
112359
30347
81516
57123
107904
12079
47274
137643
18638
51345
158583
112648
18847
47824
129974
115602
31055
79800
112314
78728
159952
80482
96658
94723
123584
161417
57347
34132
139844
185636
133510
71599
55281
93972
129954
101989
91019
68156
111835
121782
102364
18530
176215
160062
102198
139088
98570
161575
123730
23618
126821
166341
72683
182952
88822
174207
81737
139124
165996
103569
39261
19984
162985
29446
69714
32467
92995
76099
49206
138257
5333
109264
171826
88694
66999
128805
114724
82363
101133
44566
112962
176398
160793
149255
98639
74628
44228
165861
33977
72818
160860
145304
101021
176885
13829
76379
106981
131952
154134
79019
99696
48162
11180
86630
62503
94350
93413
168240
1081
137484
161763
18433
118951
38827
143189
154491
105996
83999
2879
74619
170533
140697
56140
50076
183419
20442
179163
1205
106608
49012
78837
65561
10797
123116
163951
18657
3910
88445
185457
35897
160293
70445
139650
77605
131272
159170
65611
61773
147779
79744
113004
114826
160926
156018
165652
61403
61826
142781
126756
99504
645
88605
17338
132525
66425
39576
170612
52615
10316
147902
42933
139290
65296
3693
63187
156076
156438
186970
89345
26841
161332
185560
49958
25134
98990
165885
11574
148613
98838
111925
70063
176605
54537
3333
108548
148143
139785
185004
100378
79349
179974
133253
69142
46121
184991
27590
15384
176567
40133
18112
185421
13343
141775
166428
48776
40666
78675
16214
59969
124045
147614
147807
181914
29422
109492
83604
132055
181841
126328
122621
32456
150967
162062
19414
39426
64596
52692
42848
153501
85850
145225
100378
132224
116343
79829
128954
139218
185506
154321
109016
184420
42439
21474
153776
51635
119941
129456
37254
137286
6665
135902
172107
151728
10783
171628
121802
75387
26562
68318
147346
180631
148862
5503
123848
97378
123079
173533
124359
43826
82776
33732
15847
155837
57980
101405
88079
47593
125033
34151
12833
22062
93731
13552
54463
67527
111099
18960
12792
175423
7218
109406
78739
179298
178474
23287
42870
40539
128520
70747
120098
53355
97955
40971
147753
71805
106534
71573
153384
96141
26445
78206
133348
77626
33546
167256
51922
104515
135804
76188
156707
94173
102910
10892
148175
11610
177263
61055
105
112690
99712
101908
146700
166376
111774
130349
31888
36072
67235
103725
123692
84173
152543
29193
12884
71469
123413
36174
144295
167357
176087
126991
117354
161684
135944
112145
170884
1123
45274
30151
145407
72009
167433
80047
47105
63511
95199
157902
162075
123751
171865
18787
60996
74210
117134
79819
172826
32045
49796
24210
115977
122590
83280
111534
136076
83210
67431
179733
118595
149384
141855
172359
183482
46209
124866
56887
7637
126034
154066
102516
184242
88496
87575
145176
131476
174030
72893
95590
53344
79524
117416
5020
105000
117844
121124
181675
64276
186040
159918
104875
79116
124905
76694
162742
43748
169196
6530
68124
124789
90550
70521
25378
102471
24854
146139
182010
38416
167892
12482
153519
4869
173687
120728
185436
169255
133012
57034
53420
49744
44069
143713
117349
145471
123866
179865
41492
177041
22773
153250
110693
47762
179711
89601
142098
115954
158500
80893
167308
144061
11475
107497
10321
43890
72257
29459
53857
156369
156654
35078
177830
40075
136952
16912
114316
21828
85968
146748
183685
103530
147910
90902
91109
143508
141930
73610
75660
77674
154293
51374
58124
22720
129640
79884
58424
95202
161687
77802
33768
81466
46651
58094
63240
23948
176856
180993
105507
131844
167268
123220
107171
187547
38972
18907
42515
55611
124325
146299
29049
83546
99019
116833
135414
56438
100629
12631
17524
52477
23465
166057
168013
164322
18702
169367
86230
72875
69104
171957
72617
140164
6373
11599
9145
123262
169795
127783
139256
161868
42693
35584
29863
103066
121294
35334
151812
179026
41828
119844
159710
160810
143489
109597
171629
85035
52071
140194
119608
137831
173857
68854
124063
174134
15862
12983
154832
124207
124443
175836
169015
70891
38099
60118
46927
103149
40416
185451
58695
15644
115490
187740
162390
133314
80909
134305
13727
136338
94862
90011
95069
56362
10580
91770
53250
124151
13598
117266
2622
79662
80500
147706
100397
90527
177861
1396
54109
153534
45721
171036
141600
15789
120212
88257
47153
76872
80660
73729
126429
92810
87107
69344
31027
153963
41537
156265
98925
156125
164123
148011
113934
97790
134143
25082
103954
86284
178945
43797
123423
175136
162169
114437
155358
125597
57334
144394
128758
62005
3181
174283
40422
15410
164184
142691
160566
169914
40077
38552
72924
19930
145090
120497
132321
77390
134677
59586
127386
129355
99577
4670
117523
88662
44421
44409
146978
113746
184133
27796
127495
66721
150558
106606
11613
173595
111760
168703
159441
43428
14118
529
60527
97813
104788
136092
112088
34512
95001
105482
132197
11504
115354
156449
76647
8523
121543
20600
87002
24172
42792
92139
139863
182756
144269
153832
79503
87500
161058
129766
134124
100519
67194
37981
142469
140905
28520
172869
62838
31880
41079
167742
47593
40884
18834
155156
123418
23089
96685
114069
134648
10667
12582
106546
179722
169530
2470
19899
54345
105040
30675
58098
102652
31367
162548
26594
1057
83607
64014
149180
41835
96840
42448
80992
53877
123206
1
1
1
1
1
1
46122
99637
62664
95743
99181
158208
45174
28455
142424
125728
137657
49442
76108
8987
171955
79687
26473
4931
179055
9279
82129
160656
20543
81389
144721
118345
10699
114470
87966
182997
126434
185417
182226
96281
163654
138391
94969
11699
59898
74209
35764
146572
60944
131312
62131
69714
129768
94472
1425
170729
74673
167274
185941
66550
33595
72423
157021
85794
108888
156318
82090
90116
64049
175738
123234
5836
69438
20428
143042
150633
88180
1452
157045
173866
106410
103787
9466
50007
6131
29565
126646
158287
55434
172484
8796
121785
128946
98924
66750
144603
55670
150209
116465
159917
109698
31912
91679
89533
104246
178376
38179
26070
93104
9925
143384
123660
82651
130066
4160
61968
29339
157847
43792
92294
176839
112454
66571
66187
144416
178356
46088
93747
96415
31177
119182
49889
71095
156229
86081
57418
185747
142266
74907
61678
6236
155300
8904
112546
49239
97314
28609
144988
3934
109962
6378
92130
138302
4375
10629
171288
6312
25692
20160
109310
98811
121645
54321
74468
179290
9595
27468
121813
120118
91752
76397
63106
116035
90646
97434
116169
182790
19485
100278
128200
167314
33401
70115
20002
185641
59265
183291
88284
136428
113541
90014
108987
76060
177171
99961
121892
141403
146630
109940
178616
96010
148377
37840
68238
1
1
1
1
16
6
4096
start
0
23
24
97
253
257
345
457
648
INFO  20:26:37:912.410: Found 8 matches
INFO  20:26:37:912.857: Received APSI query response
INFO  20:26:37:912.880: [1;32mBwgOxlMmXCEgHWdTKqbZaSiUbOfGkfjzOHkeifmWwgmSqwSLnZInUcECXRRhSgQA[0m (FOUND)
INFO  20:26:37:912.884: [1;32mTCEZMigijXVSktAbZumybUFYDQuCblQjJknVoAeFwJNTDIaAdPNipgRToTpnlGQU[0m (FOUND)
INFO  20:26:37:912.907: [1;32mltJwWPMmvFvEfMCmGGYrbXeAkweuUVxUKukMYfqdrjKgEUHLpOGWfQPYvKEZgClt[0m (FOUND)
INFO  20:26:37:912.911: [1;32myXxXIcihmGdCiXNgsVLWuQKglMXDGwMPTuISwgWkDRWDbGPcyVYVXdmByRHcvSJM[0m (FOUND)
INFO  20:26:37:912.913: [1;32mzrFQGcJBekxcCEGonNcIqcvlMxHNoUQVvbDZbEdfdExvTNqxdTUIZROzGOLWowPc[0m (FOUND)
INFO  20:26:37:912.916: [1;32mHyCFszMHLdAEXcjdMLoxITICpXCcVBLnIvwAKELBDEajIklDDuKFesHBixpiyDhY[0m (FOUND)
INFO  20:26:37:912.919: [1;32mQUdHnwwWRQRvRkCDTLkyALWRXxCXjXRxlkPMJIzRTfFOeOMTcZJAlYUjajsdhLNF[0m (FOUND)
INFO  20:26:37:912.923: [1;32mQjvwDJrYxhNyIRdxjOvNcNfMNSsweFGPMYAcMomrnIqpnCKATlkMCGOKexIaXJvs[0m (FOUND)
INFO  20:26:37:913.318: Wrote output to ans.csv
INFO  20:26:37:913.528: Communication R->S: 2699 KB
INFO  20:26:37:913.537: Communication S->R: 34 KB
INFO  20:26:37:913.543: Communication total: 2733 KB
INFO  20:26:37:913.796: Timespan event information
INFO  20:26:37:913.806: Receiver::CreateOPRFReceiver           :     1 instances. Duration:      0ms
INFO  20:26:37:913.809: Receiver::ExtractHashes                :     1 instances. Duration:      0ms
INFO  20:26:37:913.811: Receiver::create_query                 :     1 instances. Duration:     85ms
INFO  20:26:37:913.813: Receiver::create_query::cuckoo_hashing :     1 instances. Duration:      0ms
INFO  20:26:37:913.815: Receiver::create_query::encrypt_data   :     1 instances. Duration:     76ms
INFO  20:26:37:913.817: Receiver::create_query::prepare_data   :     1 instances. Duration:      7ms
INFO  20:26:37:913.819: Receiver::initialize                   :     1 instances. Duration:     66ms
INFO  20:26:37:913.821: Receiver::process_result_part          :     1 instances. Duration:     34ms
INFO  20:26:37:913.823: Receiver::process_result_worker [56528]:     1 instances. Duration:    558ms
