INFO  20:51:14:871.667: Connecting to tcp://127.0.0.1:60000
INFO  20:51:14:877.098: Successfully connected to tcp://127.0.0.1:60000
INFO  20:51:14:877.108: Sending parameter request
INFO  20:51:14:877.119: Created parameter request
INFO  20:51:14:953.406: Received valid parameters
INFO  20:51:14:953.431: Setting thread count to 12
INFO  20:51:15:028.459: Sending OPRF request for 16 items
INFO  20:51:15:029.380: Created OPRFReceiver for 16 items
INFO  20:51:15:029.387: Created OPRF request for 16 items
INFO  20:51:15:090.172: Extracted OPRF hashes for 16 items
INFO  20:51:15:090.193: Received OPRF request for 16 items
INFO  20:51:15:090.198: Sending APSI query
INFO  20:51:15:090.556: Creating encrypted query for 16 items
INFO  20:51:15:190.558: Finished creating encrypted query
INFO  20:51:15:334.360: Launching 1 result worker tasks to handle 1 result parts
55304
113472
37975
167505
26409
159012
27776
182165
28884
134282
140998
80691
136449
154011
132559
15902
53924
183478
90829
114716
131780
139316
131653
11384
188196
89457
3351
117358
105195
36110
108799
112485
175397
85938
87814
130747
57284
1194
117276
29690
109525
132214
28046
100795
91686
60685
169602
81492
33895
109735
58925
127504
94648
61037
25529
61665
10888
134887
42606
112503
23832
178094
4949
178564
84847
16895
160845
10294
2128
125476
161241
139803
106997
17019
170536
126441
122525
52339
71125
121580
34931
105068
162992
138848
131387
141281
77344
39909
138136
155048
82913
52400
151544
34249
139602
14270
170237
160039
154721
62961
13967
69575
45754
153806
186662
116387
52627
107996
19986
168118
74721
151622
181279
16578
93426
42021
64368
79353
61540
46207
17167
38369
93808
38524
63383
15104
185970
158578
107620
124872
163381
19657
31347
181685
105604
98607
175990
104780
71797
41493
154810
45239
123580
21456
1
1
1
1
1
1
130325
74079
160355
92101
52226
169932
128038
156347
160971
159945
110035
90053
99856
113918
91924
176490
1963
60855
87020
91375
42258
119297
2404
107934
92688
154288
159851
1385
17069
131331
140670
167792
14926
3888
116791
3580
25256
137431
6377
129975
121218
52674
85262
48930
57212
21376
153990
162279
67435
67857
136408
113819
114913
1769
167669
170384
20631
123254
60662
36525
50774
118494
164907
36585
17158
131842
85566
128993
91119
178196
111071
186276
1869
78677
153843
188328
57481
8714
31078
137623
36427
163987
153293
140814
74657
82061
72956
144182
100721
158080
155568
75328
166737
187118
90056
58999
58641
162030
159585
68335
172657
147836
110184
164877
96406
178302
101253
170187
166101
34063
13023
124576
153374
88983
153875
125957
9299
65976
101825
4930
60862
133329
52068
5177
17191
161621
58710
72339
180233
78422
184594
107784
5946
73153
137968
81949
106006
87407
17913
133332
21734
183065
168632
4451
75013
118192
127790
8913
142618
27209
155590
163367
171322
36967
97277
32553
12039
112292
172007
72415
118676
180360
138459
79376
146135
151751
179597
105337
24934
106255
47237
183410
113356
38450
150668
155207
110916
121071
173647
121413
149405
155754
170372
176473
149229
113787
98354
172093
176754
76013
145209
180627
95554
124634
160066
131626
112712
76392
134260
147729
84805
18980
86738
9969
73638
22086
133957
167988
158945
10269
70345
102182
78073
177548
53890
24228
124996
138636
18666
96775
51364
56097
40128
101677
62318
2621
111371
69724
37581
170949
140530
168846
15319
12943
117561
34921
26749
174737
82575
145853
130694
59320
139279
174719
39691
125836
117382
32173
110894
66394
135565
109576
78774
46745
49615
119044
174013
32587
95050
31151
120646
102458
81685
8878
97577
54738
67901
34851
7841
176215
91907
174859
87266
134770
49556
139522
68311
187384
148829
36002
148419
121468
73387
29290
140329
25316
142577
186391
19859
25094
106938
118817
86452
85931
1
1
1
1
1
1
80127
124120
61121
98684
96515
128382
95696
79299
142218
27556
41358
185121
187096
83992
171624
93827
83339
161060
38458
88655
54751
11807
103726
173578
2395
183891
26558
127965
131936
175924
169044
174929
82481
5552
77462
143935
58825
101469
176968
169907
151484
179051
80931
8270
36009
108297
15830
146917
162515
127685
102949
102973
180467
116124
120652
76224
74877
181217
178305
153462
158521
133704
92269
186259
11488
169118
182647
81702
44813
165205
126831
70669
171548
103212
62028
25712
160391
122765
113978
176185
23362
45806
91634
4063
87791
182676
80855
142749
8231
38492
111829
107806
51107
74333
72249
51080
90319
46525
169509
124442
142087
5355
23895
67431
13865
78661
57732
14233
135428
130359
5576
42627
103797
71177
31256
39553
151388
18659
126930
121678
84692
96226
181682
82463
178558
158941
176902
40761
147427
162769
75675
186832
140900
48843
146218
50738
4942
102872
150785
64711
44037
165896
120043
23858
30936
119669
186558
31099
13413
85592
148783
167569
19967
80890
174116
167829
51897
111693
120624
135282
51749
168279
2502
147987
172387
146578
115329
106449
92848
5154
123965
39821
159957
106190
18303
57742
33827
158583
84477
78964
18009
132697
53974
126385
157158
97894
40460
184247
143574
15077
31460
106970
63453
56494
55230
69803
84343
166310
20751
40888
155089
77640
43177
8095
13770
86027
113948
38546
137665
8460
129874
151390
108161
153820
77785
87834
123564
125112
12769
151916
111568
5590
147296
21376
35787
174412
28981
1510
91372
162261
142546
179118
14170
23527
136223
171582
131134
143053
8028
14002
174446
50728
180713
107295
186529
102594
26257
187029
44690
10822
93630
18375
39345
28190
24747
119708
43240
63457
156334
18805
158036
186880
51341
88034
143146
117371
40159
103544
128152
35363
107686
70320
71183
151081
187756
79397
176369
62163
161061
178744
34670
140083
139884
104255
65383
149736
20945
168172
27504
20973
179110
41271
34043
6586
119025
93803
103542
87855
15972
144512
175508
5447
141558
68313
96861
111587
171358
151470
138213
13226
30057
116227
154072
112089
21767
7097
147685
167541
0
0
0
0
0
0
178323
25412
12694
140177
51795
140934
43254
14846
159770
79770
75562
176722
54740
67457
149714
90767
56694
41239
104592
68708
97313
73079
4691
148826
108188
32524
88500
134960
172637
155575
75093
56556
124347
151537
137224
51722
7793
110783
82045
35495
17809
117182
156406
13421
113311
172140
8448
30507
99131
65086
64861
140195
96982
177435
13778
39541
84070
20091
71085
88558
96128
47861
88534
142131
77739
45312
14752
48553
125569
141893
17781
10355
115874
122536
45508
154959
56104
148414
165668
139367
49740
5356
43050
75920
181148
61640
161143
37090
139528
87597
77672
108687
4227
2026
19729
182499
22139
182751
158221
148208
45951
75052
61471
108969
153507
16193
20611
51295
52548
170859
110094
20237
153810
51656
132152
75806
63869
81270
11327
125204
138615
132978
99151
110415
9956
64375
175368
156638
71325
62381
62470
61409
126336
13561
81530
46878
81119
126089
64680
165565
134428
74342
4303
131451
20095
8232
19245
109537
147584
170133
150516
113685
61322
125603
73165
169706
25521
6039
140735
160420
105639
41925
173826
130152
77940
7565
1516
179637
112562
179628
9132
160669
84324
32896
120316
128655
84489
61862
87863
121096
1
1
1
1
1
1
166983
38957
160630
123278
157460
93018
35964
79135
124972
32983
90760
49874
15748
183586
42755
139713
85929
56429
124659
26140
82410
112463
36749
55678
133828
174483
107991
164815
112531
113614
156192
68947
176607
123313
82956
148652
118552
140887
170203
176229
29824
78582
156963
84708
101755
50764
155953
14488
155063
79880
188320
8646
147956
130971
74082
42955
74995
174202
78780
161914
132783
184073
89099
97887
179017
62832
1666
76840
8079
151512
39050
165987
57041
3359
167418
146709
41825
117969
134065
71148
163497
75842
96611
188181
10865
97067
91508
48352
23289
160962
106112
18384
117270
95164
84926
184004
162270
19299
64741
50698
2546
162349
66075
91616
116115
148638
54351
163954
163056
84368
187783
153935
143794
40362
81895
97353
127020
134569
110528
128778
35096
182849
91230
101619
167933
154430
40516
10516
69793
142297
24846
159031
0
0
0
0
0
0
11788
32334
38124
173764
3454
100827
71676
68169
184510
135762
143514
147026
94446
68829
55672
187203
181855
1716
128761
66341
86579
146621
152134
17862
56875
158280
92647
157762
133712
65977
81325
26599
26997
96130
93506
46461
140815
134390
61532
184372
51778
113641
104729
38132
102944
158530
101603
23753
62572
90034
54681
125484
159825
118510
148851
99612
117417
33483
90953
3307
128392
35677
138576
100697
34486
153160
124167
42038
8026
139991
13632
55119
161305
123478
56437
247
18581
146182
80402
52357
33602
116317
7051
167362
47524
36256
183903
169850
38987
21291
165632
163633
156657
32959
100863
4653
125456
131400
172727
65887
101716
629
134136
68525
78230
78499
120023
3185
128770
51185
48279
140281
168635
152629
121203
174992
1360
79466
85798
157639
138631
112446
178679
62384
80518
69810
153032
14518
165989
62407
62553
140631
111463
106121
131227
22840
133204
53883
1
1
1
1
1
1
79212
13426
180023
42715
34068
70517
55163
102304
113724
117601
165504
10583
76803
50542
154649
81286
50934
85844
23113
121086
152769
68406
6983
18560
93767
9769
101211
62940
157892
70270
73298
182376
184066
59309
64958
116319
139064
63494
32831
71814
41178
4578
184306
27783
121944
107906
93844
185175
170680
141441
90186
15739
98469
160024
181840
157313
80692
145819
71860
97636
22262
47534
156307
163202
76569
125892
35531
42754
133992
109237
181580
145074
53846
108090
139837
32845
25792
143463
16173
107345
20684
104462
59011
185178
38823
29468
160698
141715
39493
75828
107666
133655
100251
93533
36060
22467
130104
131455
89002
63537
78764
104686
8912
632
183114
169408
81245
66714
65939
59529
97463
156917
25417
145301
100768
114451
158548
76169
65146
99243
13327
104365
52920
36311
103458
31273
162138
102436
7352
152540
9790
57163
170100
109190
110122
8536
177740
174735
164098
121917
13633
20063
177109
180950
19827
92519
47777
79792
64447
161693
96851
7815
182812
143366
28121
88532
21494
89907
65023
163731
2936
8416
81512
25952
118318
157470
100129
177944
74166
84826
171658
136160
7847
151077
174026
183898
103667
169590
55958
158798
18957
28762
114434
26950
161566
50232
109247
59247
140620
54025
65687
130673
85847
107942
87568
120392
130923
57430
51586
48861
6157
17272
139497
118080
159864
19884
60797
184191
17043
25465
67908
41312
27915
182189
177984
23247
74262
167242
181081
179721
85120
36634
169072
18607
110476
52757
4318
71020
45645
120138
44944
80895
27988
185388
96212
65720
87692
143192
12175
106610
12919
75597
112429
101111
173396
56000
79649
76229
179387
132828
124875
8014
20114
3362
93355
66472
110704
61926
1
1
1
1
1
1
21148
133873
185464
148937
109152
187364
104003
183650
123034
169482
135351
121576
124017
154708
34995
87290
32099
87708
16233
150956
187949
180751
141648
166051
18658
123602
25019
164139
71471
19229
140833
6734
139138
150319
131183
79926
1
1
1
1
1
1
157705
185784
140692
63879
18312
123795
57913
89914
127343
36086
153282
56832
64715
95221
166710
90281
152472
138632
58774
62180
118650
90587
32020
52421
134209
88826
37889
93285
140286
124174
65029
90382
56001
4918
65663
43075
3917
179027
125599
101780
70197
90863
163336
12614
32107
43529
30588
75076
179320
100290
6917
24255
110453
95802
15185
21373
36382
156790
99376
41825
138607
169604
13908
54904
50766
141225
83650
54443
184039
128768
62996
77267
89386
187298
30817
38229
11885
171824
60378
125357
86912
62241
80632
158692
135079
146535
80863
11487
79158
60715
107518
154938
66037
171496
83348
177323
35935
19571
105718
104226
95740
56518
23824
176493
105900
28861
107720
187156
46923
168576
41017
16263
149557
12378
15810
100273
57962
64766
184392
166004
53011
10008
76004
70389
40928
56231
63511
59403
35896
136640
5617
64577
63164
100288
49605
165891
43764
94120
101804
184132
17747
151726
66399
136793
743
31797
168111
135165
81127
78623
145572
51161
121479
184857
129102
186527
109592
144994
13481
112893
150210
149574
94834
151037
124781
60606
169734
101218
32732
86252
67553
35170
111254
149725
89519
119139
21433
163943
114770
135284
59085
157765
20378
122897
124105
75133
119744
24703
29149
101569
156638
40930
66917
185912
47018
83933
127927
122859
98404
72033
59350
143553
81993
90199
148013
122413
132074
138743
115940
62665
123174
183618
152785
94441
181762
127978
28697
141751
33764
126395
53113
38074
109326
166766
170561
74981
20628
79766
103387
10243
29579
45890
118997
30
176664
82954
60288
120123
79339
11341
88281
100748
94235
67278
71140
143312
114100
53796
100950
146266
15030
161769
179070
166457
153945
28436
140757
129017
90828
176596
148853
20072
176903
141247
147746
111812
21652
41482
25573
177626
179071
157531
89050
104296
45482
176552
77794
23668
83177
50181
5680
107370
125983
181978
23641
18152
165466
113531
154066
74902
82903
137156
42960
128533
1
1
1
1
1
1
128651
27879
69930
54962
131922
117881
63577
126728
19742
19804
82993
30330
133976
2159
147800
168332
38714
168458
183414
144292
160348
119795
83608
12080
85601
62392
74446
106313
186592
136801
56962
22012
151522
15729
24241
132510
162746
9778
60276
150158
153539
50097
86233
12453
159816
160508
127186
74173
181940
54450
59934
144016
40484
17571
41565
59101
182234
30104
124296
167415
146124
25707
173844
19096
35063
159386
4083
129907
119625
32896
31854
85331
66861
89386
69297
7877
61714
162759
106649
37810
82542
39368
61491
69437
144912
113904
13024
154033
1194
135166
19336
20143
27562
81777
35653
108468
6123
71682
124930
144919
69593
70457
157457
157189
70996
16936
132084
124764
135512
161161
158456
163055
98636
117077
86775
170590
122588
28688
53479
36845
180194
21137
31330
32671
161259
103023
113560
176997
128078
119280
107638
112319
0
0
0
0
0
0
45787
11515
59220
185237
18970
140132
78936
103212
57308
102161
144742
86537
118733
64947
99533
180523
156721
53964
33399
174937
46351
21507
170457
53419
120008
122748
119704
67583
188160
76404
97292
179443
95070
69599
21379
146323
35317
8343
94369
176284
91978
64070
145747
179768
72178
96165
178847
141630
159335
73349
109117
158800
41210
172290
37273
130610
89502
41282
2062
176102
133092
129465
13119
8865
75856
141932
65197
186572
71119
48206
136672
187415
177536
178769
182471
133387
34897
145528
84708
66906
10707
55955
155381
91661
143356
177911
8352
71193
168603
119626
44211
119539
28398
73618
103638
24771
90980
105911
103055
82640
142667
143062
165182
107755
69159
60410
160512
109554
182151
149266
146599
129418
96571
38670
55442
105115
58129
116689
35052
61682
88110
56767
108653
90497
23109
97230
120784
11552
14598
47684
67989
84943
69991
97835
185661
170351
161
121330
123334
60704
142189
12866
43143
172899
184470
59548
139187
159524
23048
94002
4873
4442
128535
18028
59952
133613
106989
58659
113334
135000
67199
15646
94213
26901
112818
142634
125563
120657
156685
172592
141499
108061
54365
25997
38982
134151
111519
154751
68128
146541
71662
102808
150523
20937
157467
140882
157245
154122
151717
125501
4217
181279
150460
156530
161050
168446
104598
116817
78891
142785
171970
149693
142894
148356
91332
5330
90126
180918
3897
184778
181216
9933
115168
148433
138908
84708
118670
50252
165926
60824
64253
130776
37817
179555
177731
71765
35356
12577
183602
145883
20458
54602
2812
147786
47960
166795
174606
153447
13216
47759
29721
64982
90703
92385
9692
149899
146831
713
171942
111168
168374
178818
37437
21297
83791
73037
18011
33184
49667
123706
53453
16878
115201
99179
41997
57306
64862
135096
80843
156498
167171
22096
86841
143813
134925
158204
27368
41129
90642
7517
50100
121889
123786
14608
125285
139335
160007
148968
59228
123485
101718
38181
2613
167450
98689
93080
73438
161901
168692
176096
11423
107498
105375
64983
18469
35264
37565
71632
142266
146102
117497
123012
2620
727
20620
129437
102374
34999
3250
159499
76903
186321
167746
13214
129222
175007
62141
55219
17702
119208
160304
141167
79440
114163
140628
30923
133128
154466
126928
167751
119359
166968
58069
115591
105587
162505
168728
123581
52171
109476
123266
182640
175937
59065
23557
123627
92055
8903
186093
175227
51567
24469
107821
57862
178924
94400
101318
33733
181092
184859
126852
16547
71760
92945
36890
19834
29402
184427
15880
132243
186733
120905
167304
121394
141182
162520
166258
136741
122698
152688
72993
35145
61469
89372
163689
52242
83602
160210
157949
74472
165399
153057
88290
86297
33972
118981
73653
109523
164930
33550
21208
91027
61337
94947
48343
68064
146814
10081
33161
137809
184025
117852
167981
180295
59824
101895
83556
72548
160696
20754
109717
104320
174132
43398
187707
2760
85666
48815
27493
27132
81028
37617
64551
140810
28571
16390
167681
171916
150045
40206
133262
139835
63347
137118
6984
79840
26747
162569
164419
64528
117244
25974
146036
23263
175483
156476
83790
141991
154066
33946
187067
46267
53716
13782
29193
77641
178808
187755
155085
80164
118392
15195
165996
15529
5172
106036
15707
64433
111009
15553
41735
149538
150030
156404
171359
121594
163279
167843
57453
5543
85889
102338
150914
27299
73826
113023
19737
15234
88467
61496
180904
112012
6948
122537
41669
66806
131339
35660
97548
53467
158169
79442
118311
37073
130019
119407
142290
80921
58147
60932
42873
133250
79161
110777
74283
4909
13017
114818
135974
51555
135847
84557
71566
2565
110734
1106
132837
85529
137483
176095
127462
134028
153086
8227
58394
88111
3198
158233
75003
112811
21198
40503
144805
13802
108969
113900
177088
153885
105698
59812
146229
121982
30504
48584
116715
162995
74357
19005
106427
97639
87691
77505
72352
36637
176799
122057
29310
6396
9410
103418
106338
40300
72724
60887
163217
122304
168723
163678
100172
74745
132158
26806
97103
70543
38203
6654
109932
101224
52030
74128
54821
122570
169311
48490
3954
145137
153202
167540
42192
34743
187325
79897
26759
11985
56368
158926
144076
25849
25544
2073
78428
43292
153474
175596
97527
20612
48930
141408
15055
147747
15232
109076
95812
157522
80850
120337
53987
14758
96130
53270
15480
119250
94572
137828
180040
92374
85976
116409
88140
122717
52100
179121
138668
58801
159790
103757
58521
39333
138293
86720
56989
81739
18119
921
121614
148987
21828
156123
111422
145226
116041
176290
8580
186549
59648
9814
73225
91980
153678
15098
46640
126523
68305
33342
165713
96981
183885
172705
34173
68424
10086
98620
9950
96965
172998
78509
40943
100156
114081
93009
87059
145095
111383
111791
99378
82269
157334
164616
55354
145590
4317
61653
6099
161606
29849
117096
39871
71765
137695
164986
146436
26429
114626
178373
77955
128976
7377
149672
25751
19359
65495
113572
148562
162548
0
0
0
0
0
0
178474
5043
87066
74426
6140
163578
164804
186237
124703
120144
14877
134953
154753
179521
125312
62798
176554
112056
36023
121221
103600
16764
24567
108704
120765
111788
167935
49606
112643
149002
145158
83547
140725
131682
185280
114931
151365
150806
3231
47049
116254
110449
32694
137416
125882
75465
182681
88520
170119
69574
162220
181968
148551
85191
67356
68548
163706
157653
155166
139400
45613
53847
25294
164390
97403
145429
119576
94510
14606
120235
153405
17921
1
1
1
1
1
1
26032
1956
165875
4303
110133
86192
121359
92286
147405
37866
18543
168552
123513
7349
117796
74264
57570
179566
30799
36091
59564
8220
39290
71509
186414
49754
151775
179285
137470
185805
42876
6178
15479
148715
83038
60528
84707
126756
48741
79625
128179
88991
132528
130932
50743
21128
78734
13300
109071
58856
126868
147026
84666
79575
132185
150049
172424
56802
13224
17152
50562
33842
23705
177330
131749
75333
40634
143126
46160
186172
137188
172552
51787
163412
5625
9808
8857
38043
142120
186109
183681
187484
98570
28520
43447
183944
128625
79991
184093
168648
187827
39828
53347
114824
13735
148539
122840
137435
149957
48492
175964
20494
150900
56475
84735
135295
60879
173965
130162
115066
32489
69622
127377
12417
116354
16022
18635
172314
66139
41498
126776
155967
174157
158216
38854
149659
13988
5132
104981
59436
15552
48619
98082
51226
167518
85298
172243
102879
46240
39451
37940
33146
44460
138495
180764
69599
185827
80568
170786
178948
179542
78763
120841
64520
66531
65488
9578
123799
88285
128056
57136
85956
145000
162279
97539
113923
162968
165422
19362
41826
15333
97088
62452
173085
23029
17310
68111
104315
151478
70524
92329
114282
44622
165002
150238
145314
46547
36369
47057
54047
84548
84226
91032
21809
102853
11848
31744
35978
78881
66646
166270
88379
21967
73398
83567
142388
109738
110469
105795
27067
110364
23943
20153
183153
6561
21421
125789
69872
139197
158880
177083
105624
8492
64936
146902
106034
69473
66577
11060
21239
121674
17787
117848
158088
181426
12868
173689
60171
170315
174073
180779
133675
122580
78896
68872
16646
185298
127794
30854
73206
16579
147443
103943
39118
180988
106023
123491
85348
2802
100179
68057
56152
158272
64242
164112
125913
164438
164099
140144
87573
172318
120039
106691
3729
169913
15830
181390
176032
111646
163263
115348
162065
42714
85860
89211
5944
112506
78582
16052
58597
12858
170408
115923
78549
173563
39302
32561
10769
156341
174237
113710
121139
123580
69786
186051
49473
39234
109456
26259
127835
68469
3126
35144
107588
52059
115727
127334
29773
139630
76632
153165
91551
135595
65340
103696
21754
7953
151263
168824
133569
169667
175856
145126
130073
52770
65740
84019
88516
42848
77163
160569
27573
174673
174655
119512
1942
139364
103012
93704
21503
182484
76959
144066
157275
63782
159063
97766
107279
163199
173536
110158
122857
102149
134943
48302
159415
85246
153605
105531
45716
166977
160864
19437
49409
928
119817
142249
116989
186341
123892
37000
53510
39311
60388
81461
12286
120100
64596
42035
115847
187088
162219
30228
180715
44316
136968
17593
124911
42629
4101
85346
19433
143502
86936
100643
111390
174694
17748
16570
170482
153151
7749
49494
185954
177385
163780
46946
103777
90470
42867
122163
50023
76122
162936
120079
183713
156248
89039
1975
173296
99184
85038
96397
104241
130789
153012
164259
113225
24994
185729
127686
46439
93064
133538
83526
68036
93359
121561
137261
64853
125964
150589
144964
74298
170735
125252
136210
177823
157239
139325
31479
96589
156110
133173
113327
103046
186827
116693
98307
137703
36768
77255
147737
123724
132436
169802
75653
67572
53004
170889
0
0
0
0
0
0
72698
16433
73667
42968
142465
173321
87765
25669
163590
103410
184834
97125
58811
182879
84576
109650
154532
128116
187464
160473
157141
148873
4252
103503
46814
70460
84963
76033
115984
142255
11903
152668
48659
109226
146960
140417
58620
84556
45135
146931
120725
21281
97933
81594
86750
163721
166593
7660
167975
151833
148013
82826
48292
65597
40092
171021
175055
41966
27623
182004
138366
104803
164729
20567
24161
41548
143723
71197
114126
124958
158565
95174
5825
30313
148015
100078
75292
35579
157063
64693
162827
112064
41381
169502
25941
78393
79887
180273
87699
67802
50476
108743
84618
166343
19052
123947
114423
90100
99097
28455
149900
186173
23822
57295
4611
2715
119977
9333
114787
165144
145270
89464
183251
59848
88120
135417
107577
188407
100808
1983
121486
18361
154002
18199
128961
76580
40385
184335
30758
127572
29795
49870
72908
74542
14699
117335
44808
14472
184080
137583
184264
40338
123103
178666
65124
70318
143885
92506
10425
132915
133429
12772
184104
146929
85674
163599
17263
2210
133699
14845
105012
136969
38008
117991
131530
97971
102575
15704
85713
56756
57816
159692
41436
167564
133874
64152
163426
170588
21027
153287
5488
6570
187505
124883
146206
154823
172325
143250
66430
163941
174946
110788
115879
40388
177624
28034
17147
19861
76463
53438
46356
174115
147750
99359
94195
27764
9642
79162
77677
22220
46502
123786
141573
73181
186463
63679
138371
75856
114215
176133
183689
90980
168480
110092
119633
87792
82855
124811
24753
111763
160725
135455
174710
159290
127850
81795
143874
119345
65352
76212
38931
30858
59419
43543
36403
31125
20123
17925
28616
84007
98116
35788
15134
21117
124376
85871
149341
130021
173078
41448
44436
33226
34820
138455
121749
120565
6166
171587
173983
10463
5323
90357
1904
49219
59102
129011
159467
129668
80925
131888
41877
167085
7374
3706
171138
113877
111786
28351
93991
128618
109437
40187
182245
92217
18432
80683
46028
59808
55042
61072
96673
85637
135990
146499
113361
5704
131253
37911
104329
94619
140008
71641
11867
59086
124762
53602
90732
181517
11611
159850
43121
104184
82737
27616
149535
99877
32294
170085
183203
150464
119026
35966
10352
120825
59170
155001
181374
62679
100350
137199
89852
163522
155415
41027
162647
134969
56899
70487
44022
6014
64621
124575
41374
73686
50466
105264
157881
31128
63752
109853
36212
175553
173614
163295
134460
61782
144531
172724
112659
65895
94164
78520
180509
139120
36392
135013
117573
39697
159108
167210
176485
40321
83193
122221
86814
146683
74198
49071
43765
178270
139064
65737
65862
35313
147086
24739
115699
123898
49762
184463
2051
39102
52317
81495
124810
92464
67863
148186
42414
83224
150570
140555
21331
71924
91605
38126
77292
183770
68687
22368
127541
62805
133046
127808
133106
156689
111066
151394
153047
132545
117147
101217
11241
61082
29217
145536
29354
57086
178000
42474
34769
752
15030
122971
61879
170939
147512
186188
105600
177649
62939
54217
138058
17566
27560
7535
38823
54639
96297
104722
173810
106066
64240
154807
45683
44021
32731
41761
31282
185206
131892
114017
55062
12726
89761
149434
34925
80206
48044
126637
75201
68200
16157
135644
127301
43333
46465
187913
100710
83753
98299
170157
167568
46617
154273
131468
64517
185945
9767
82086
59411
38176
169796
175268
52880
28683
185768
92397
45983
68899
4372
66065
73395
90875
77011
35535
142572
164657
606
142879
155344
59824
107792
48259
123216
79117
161626
8370
25473
121491
119261
165039
100979
121557
105450
31374
97270
50501
36668
169018
41365
136700
116800
168019
41618
137073
91888
107274
81096
121410
124078
117756
145843
33246
18799
129553
71109
9654
158725
164344
126495
69942
96644
135920
68965
5559
41372
117634
185964
12050
139744
53036
94909
77520
74707
38298
0
0
0
0
0
0
51386
180852
98875
10871
175256
52335
56455
1759
15609
110811
11999
13415
170147
90100
54568
121815
52933
128084
89543
180937
131929
119879
58437
183703
21928
79708
71255
17095
37753
114578
124034
63062
154904
67267
46033
120068
164575
22473
139217
80468
187978
122763
122651
157640
53791
67148
21910
137095
39222
184456
168609
37271
96751
92152
163879
170897
22347
61259
9707
74014
135132
65358
181111
58569
114529
130179
112235
120182
128108
60505
106710
82339
67993
17186
12083
115031
177883
104676
129639
150257
3735
3788
69625
108428
108883
98765
58216
128283
147387
141376
20088
149952
33328
9776
94153
168328
29355
183862
114895
99572
71714
36488
19947
131570
85970
93505
106435
8294
135133
158771
53938
72628
171006
116949
37407
173042
89372
180413
141992
13405
1
1
1
1
1
1
130331
121679
164085
153801
79350
173364
14770
114290
70201
87866
119657
4693
136849
49148
89100
133816
53910
132411
0
0
0
0
0
0
31758
39223
30213
132649
49379
8102
0
0
0
0
0
0
152674
130143
105437
145392
10448
178652
122529
35020
65273
12168
149887
96432
71274
23692
119392
118440
183031
145173
118279
63433
180081
107932
117725
127027
15318
148289
92056
131193
186469
85674
1
1
1
1
1
1
77471
75181
12779
116606
145393
44421
145530
24887
106803
117405
57257
27177
0
0
0
0
16
6
4096
start
0
128
182
330
455
549
646
671
673
INFO  20:51:16:140.730: Found 8 matches
INFO  20:51:16:142.198: Received APSI query response
INFO  20:51:16:142.230: [1;32mBwgOxlMmXCEgHWdTKqbZaSiUbOfGkfjzOHkeifmWwgmSqwSLnZInUcECXRRhSgQA[0m (FOUND)
INFO  20:51:16:142.238: [1;32mTCEZMigijXVSktAbZumybUFYDQuCblQjJknVoAeFwJNTDIaAdPNipgRToTpnlGQU[0m (FOUND)
INFO  20:51:16:142.245: [1;32mltJwWPMmvFvEfMCmGGYrbXeAkweuUVxUKukMYfqdrjKgEUHLpOGWfQPYvKEZgClt[0m (FOUND)
INFO  20:51:16:142.256: [1;32myXxXIcihmGdCiXNgsVLWuQKglMXDGwMPTuISwgWkDRWDbGPcyVYVXdmByRHcvSJM[0m (FOUND)
INFO  20:51:16:142.263: [1;32mzrFQGcJBekxcCEGonNcIqcvlMxHNoUQVvbDZbEdfdExvTNqxdTUIZROzGOLWowPc[0m (FOUND)
INFO  20:51:16:142.271: [1;32mHyCFszMHLdAEXcjdMLoxITICpXCcVBLnIvwAKELBDEajIklDDuKFesHBixpiyDhY[0m (FOUND)
INFO  20:51:16:142.276: [1;32mQUdHnwwWRQRvRkCDTLkyALWRXxCXjXRxlkPMJIzRTfFOeOMTcZJAlYUjajsdhLNF[0m (FOUND)
INFO  20:51:16:142.283: [1;32mQjvwDJrYxhNyIRdxjOvNcNfMNSsweFGPMYAcMomrnIqpnCKATlkMCGOKexIaXJvs[0m (FOUND)
INFO  20:51:16:142.821: Wrote output to ans.csv
INFO  20:51:16:143.148: Communication R->S: 2690 KB
INFO  20:51:16:143.162: Communication S->R: 34 KB
INFO  20:51:16:143.171: Communication total: 2724 KB
INFO  20:51:16:143.252: Timespan event information
INFO  20:51:16:143.265: Receiver::CreateOPRFReceiver           :     1 instances. Duration:      0ms
INFO  20:51:16:143.276: Receiver::ExtractHashes                :     1 instances. Duration:      0ms
INFO  20:51:16:143.285: Receiver::create_query                 :     1 instances. Duration:    100ms
INFO  20:51:16:143.294: Receiver::create_query::cuckoo_hashing :     1 instances. Duration:      0ms
INFO  20:51:16:143.303: Receiver::create_query::encrypt_data   :     1 instances. Duration:     90ms
INFO  20:51:16:143.312: Receiver::create_query::prepare_data   :     1 instances. Duration:      8ms
INFO  20:51:16:143.321: Receiver::initialize                   :     1 instances. Duration:     74ms
INFO  20:51:16:143.331: Receiver::process_result_part          :     1 instances. Duration:     60ms
INFO  20:51:16:143.340: Receiver::process_result_worker [48312]:     1 instances. Duration:    806ms
